0、传送距离阈值在 map >= 993001010 && map <= 993001400 内调到200000吧，不然容易捕获不到事件
1、buff的延时缩减到1s。包括：if (cur - time > 1 * 1000) ，Thread.sleep(1000);
2、补上进场封包处理 ： 0x00F4(int) 关联到 openNpc(level, "小游戏_控制之神")
3、补上离开处理（点击右侧离开按钮）
4、添加疾驰buff仅在 map >= 993001010 && map <= 993001400 生效
5、BUFF包不同，效果不同
6、移动添加BUFF，在 993001070 失效，可能是有新的封包类型

目前的，跳太高，可以取消
00 00 00 00 00 00 00 00 00 00 0C 00 00 00 00 00 00 00 00 00 00 00 00 00 00 00 00 00 00 00 00 00 00 00 00 00 00 00 00 00 00 00 00 00 00 00 00 00 00 00 00 00 00 00 00 00 00 00 00 00 00 00 00 00 00 00 00 00 00 00 00 00 00 00 00 00 00 00 00 00 00 00 00 00 00 00 00 00 00 00 00 00 00 00 00 00 00 00 00 00 00 00 00 00 00 00 00 00 00 00 00 00 00 00 00 00 00 00 00 00 00 00 00 00 00 00 00 00 00 00 00 00 00 00 00 00 00 00 00 00 00 00 00 00 00 01 00 00 00 
AD BB C4 04, 2C 01 00 00, DB 8F 7E 2C, DB 8F 7E 2C ,E0 93 04 00 ,00 00 00 00, 01 00 00 00 
AD BB C4 04, 2C 01 00 00, DB 8F 7E 2C, DB 8F 7E 2C, E0 93 04 00 ,00 00 00 00 ,00 00 00 00, 00 00 00 00, 00 00 00
官服的，跳不高，无法取消。走动时脚下还会有持续特效
00 00 00 00 00 00 00 00 00 00 0C 00 00 00 00 00 00 00 00 00 00 00 00 00 00 00 00 00 00 00 00 00 00 00 00 00 00 00 00 00 00 00 00 00 00 00 00 00 00 00 00 00 00 00 00 00 00 00 00 00 00 00 00 00 00 00 00 00 00 00 00 00 00 00 00 00 00 00 00 00 03 00 00 00 00 00 00 00 00 00 00 00 00 00 00 00 00 00 00 00 00 00 00 00 00 00 00 00 00 00 00 00 00 00 00 00 00 00 00 00 00 00 00 00 00 00 00 00 00 00 00 00 00 00 00 00 00 00 00 00 00 00 00 00 00 2C 01 00 00 
AD BB C4 04, 00 00 00 00 00 47 01 03 00 00 00 
AD BB C4 04, 00 00 00 00 00 47 01 01 00 00 00 
AD BB C4 04, 03 00 00 00 ,38 CE 51 10, 00 00 00 00, 58 FD 04 00 ,00 00 00 00 ,01 00 00 00 
AD BB C4 04, 2C 01 00 00 ,38 CE 51 10, 00 00 00 00, 58 FD 04 00 ,00 00 00 00 ,00 00 00 00 ,01 0D 00 00 ,00 00


int checkDistance = 50000;
int map = player.getMapId();
if(map >= 993001010 && map <= 993001400){
	checkDistance *= 10;
}